12345
12345
12345
12345
12345
12345
12345
12345
1 1 6 0 2 1 14 9 22 5 1 25
1 1 6 0 4 1 13 7 54 5 1 70
12345
12345
12345
12345
1 1 6 0 1 2 0 0 21 1 0 513
1 1 6 0 1 2 0 0 20 2 0 496
1 1 6 0 1 2 0 0 21 4 0 541
1 1 6 0 1 2 0 0 21 6 0 572
12345
12345
12345
12345
12345
12345
12345
12345
12345
12345
12345
12345
12345
12345
12345
12345
1 1 6 0 2 1 14 9 22 5 1 25
1 1 6 0 4 1 13 7 54 5 1 70
12345
12345
12345
12345
12345
1 1 6 0 1 2 0 0 21 1 0 513
1 1 6 0 1 2 0 0 20 2 0 496
1 1 6 0 1 2 0 0 21 4 0 541
1 1 6 0 1 2 0 0 21 6 0 572
12345
12345
12345
12345
12345
12345
12345
12345
12345
12345
12345
12345
12345
12345
12345
12345
1 1 6 0 2 1 14 9 22 5 1 25
1 1 6 0 4 1 13 7 54 5 1 70
12345
12345
12345
12345
12345
12345
1 1 6 0 1 2 0 0 21 1 0 513
1 1 6 0 1 2 0 0 20 2 0 496
1 1 6 0 1 2 0 0 21 4 0 541
1 1 6 0 1 2 0 0 21 6 0 572
12345
12345
12345
12345
12345
12345
12345
12345
12345
12345
12345
12345
12345
12345
12345
12345
12345
12345
12345
12345
12345
1 1 6 0 2 1 14 9 22 5 1 25
1 1 6 0 4 1 13 7 54 5 1 70
12345
12345
12345
12345
12345
12345
12345
1 1 6 0 1 2 0 0 21 1 0 513
1 1 6 0 1 2 0 0 20 2 0 496
1 1 6 0 1 2 0 0 21 4 0 541
1 1 6 0 1 2 0 0 21 6 0 572
12345
12345
12345
12345
12345
12345
12345
12345
12345
12345
12345
12345
12345
12345
12345
12345
12345
12345
12345
12345
12345
12345
12345
1 1 6 0 2 1 14 9 22 5 1 25
1 1 6 0 4 1 13 7 54 5 1 70
12345
12345
12345
12345
12345
12345
12345
12345
1 1 6 0 1 2 0 0 21 1 0 513
1 1 6 0 1 2 0 0 20 2 0 496
1 1 6 0 1 2 0 0 21 4 0 541
1 1 6 0 1 2 0 0 21 6 0 572
12345
12345
12345
12345
12345
12345
12345
12345
12345
12345
12345
12345
12345
12345
12345
12345
12345
12345
12345
12345
12345
12345
12345
12345
12345
1 1 6 0 2 1 14 9 22 5 1 25
1 1 6 0 4 1 13 7 54 5 1 70
12345
12345
12345
12345
12345
12345
12345
12345
12345
1 1 6 0 1 2 0 0 21 1 0 513
1 1 6 0 1 2 0 0 20 2 0 496
1 1 6 0 1 2 0 0 21 4 0 541
1 1 6 0 1 2 0 0 21 6 0 572
12345
12345
12345
12345
12345
12345
12345
12345
12345
12345
12345
12345
12345
12345
12345
12345
12345
12345
12345
12345
12345
12345
12345
12345
12345
12345
12345
12345
12345
12345
12345
12345
12345
12345
12345
12345
12345
12345
12345
12345
12345
12345
12345
12345
12345
