12345
12345
12345
12345
12345
12345
12345
12345
12345
12345264
3 1 1 1 1 1 15 10 18 3 0 36
3 1 1 0 2 1 15 10 51 2 0 34
3 1 1 0 2 1 14 9 47 2 0 22
3 1 1 0 3 1 14 8 49 2 0 135
3 1 1 0 4 1 14 8 55 2 0 135
12345
12345
12345
12345
12345
12345
12345
12345
12345
12345
12345
12345
12345
12345
12345
12345
12345
12345
12345
12345
12345
12345
12345
12345
12345
12345
12345
12345
12345
12345
12345
12345
12345
12345
12345
12345
12345
12345
12345
12345
12345
12345
12345
12345
12345
12345
12345
12345
12345
12345
12345
12345
12345
12345

