12345
12345
12345
12345
12345
12345
3 2 6 0 2 1 15 10 44 1 0 155
3 2 6 0 3 1 15 10 44 1 0 7
3 2 6 0 4 1 15 10 50 1 0 8
3 2 5 2 5 1 14 8 12 1 0 35
3 2 5 0 5 1 14 8 40 4 0 5
3 2 5 0 5 1 15 10 48 6 0 157
3 2 5 0 5 1 15 10 54 8 0 157
12345
12345
12345
12345
12345
12345
12345
3 2 6 2 1 1 12 4 8 3 0 174
4 2 6 1 1 1 13 7 10 1 0 149
4 2 6 0 2 1 14 9 27 1 0 133
4 2 6 0 3 1 14 8 25 1 0 37
12345
12345
12345
12345
12345
12345
12345
4 2 6 1 1 1 14 8 14 2 0 59
4 2 6 0 3 1 14 9 40 1 0 124
4 2 6 0 4 1 13 7 41 1 0 100
5 2 6 0 2 1 15 10 42 1 0 21
12345
12345
12345
12345
12345
12345
12345
3 2 6 1 1 1 13 7 28 1 0 63
3 2 6 1 1 1 12 5 4 3 0 221
3 2 6 0 2 1 14 8 64 1 0 155
3 2 6 0 3 1 13 6 61 1 0 23
3 2 6 0 4 1 13 6 79 1 0 56
3 2 5 0 5 1 15 10 61 4 0 8
12345
12345
12345
12345
12345
12345
12345
3 2 6 1 1 1 13 6 17 1 0 32
3 2 6 0 2 1 14 8 49 1 0 59
3 2 6 0 3 1 14 9 48 1 0 94
3 2 6 0 4 1 15 10 55 1 0 84
12345
12345
12345
12345
12345
12345
12345
3 2 6 1 1 1 14 8 1 3 0 221
3 2 6 0 2 1 15 10 0 2 0 142
3 2 6 0 3 1 15 10 4 2 0 13
3 2 6 0 4 1 14 9 1 2 0 3
12345
12345
12345
12345
12345
12345
12345
3 2 6 1 1 1 14 8 6 1 0 207
3 2 6 0 2 1 15 10 8 1 0 126
3 2 6 0 3 1 15 10 2 1 0 28
4 2 6 1 1 1 14 8 4 3 0 148
4 2 6 1 1 1 11 2 4 3 0 137
6 2 6 1 1 1 14 8 55 5 0 119
6 2 6 0 2 1 15 10 27 5 0 98
6 2 6 0 3 1 14 9 41 5 0 51
6 2 6 0 4 1 14 9 50 5 0 39
12345
12345
12345
12345
12345
12345
12345
2 2 6 1 1 1 14 9 17 2 0 72
2 2 6 0 2 1 14 8 45 1 0 12
2 2 6 0 3 1 14 9 45 1 0 136
2 2 6 0 4 1 13 7 48 1 0 108
12345
12345
12345
12345
12345
12345
12345
2 2 6 2 1 1 12 4 29 3 0 88
3 2 6 1 1 1 13 6 12 2 0 218
3 2 6 0 2 1 15 10 36 1 0 51
3 2 6 0 3 1 11 3 40 1 0 82
5 2 6 2 1 1 14 9 44 2 0 84
5 2 6 0 2 1 15 10 96 2 0 8
5 2 6 0 4 1 15 10 4 7 0 149
12345
12345
12345
12345
12345
12345
12345
3 2 6 2 1 1 14 9 5 3 0 155
3 2 6 0 2 1 14 9 23 3 0 44
3 2 6 0 3 1 14 8 21 3 0 110
3 2 6 0 4 1 15 10 21 3 0 110
12345
12345
12345
12345
12345
12345
12345
4 2 6 2 1 1 14 8 2 1 0 175
4 2 6 0 2 1 14 9 1 3 0 157
4 2 6 0 3 1 13 7 8 2 0 120
5 2 5 2 5 1 11 3 2 1 0 214
12345
12345
12345
12345
12345
12345
12345
3 2 6 1 1 1 14 8 13 2 0 44
3 2 6 0 2 1 14 9 50 1 0 0
3 2 6 0 2 1 15 10 46 2 0 150
3 2 6 0 3 1 14 9 51 1 0 151
12345
12345
12345
12345
12345
12345
12345
4 2 6 2 1 1 14 9 0 1 0 192
4 2 6 0 2 1 14 9 6 2 0 80
4 2 6 0 3 1 13 6 15 2 0 91
4 2 6 0 4 1 11 2 13 2 0 148
12345
12345
12345
12345
12345
12345
12345
2 2 6 1 1 1 14 9 6 3 0 145
2 2 6 0 2 1 15 10 16 2 0 110
2 2 6 0 3 1 15 10 19 2 0 41
2 2 6 0 4 1 15 10 17 2 0 45
12345
12345
12345
12345
12345
12345
12345
3 2 5 2 5 1 14 9 3 1 0 182
3 2 5 0 5 1 14 8 5 4 0 73
3 2 5 0 5 1 14 8 13 6 0 109
3 2 5 0 5 1 11 2 13 8 0 151
12345
12345
12345
12345
12345
12345
12345
3 2 6 2 1 1 12 4 19 6 0 111
3 2 6 0 2 1 15 10 3 9 0 78
3 2 6 0 4 1 14 9 22 9 0 67
12345
12345
12345
12345
12345
12345
12345
2 2 6 2 1 1 14 9 6 1 0 188
2 2 6 0 2 1 15 10 18 2 0 84
2 2 6 0 3 1 15 10 26 2 0 77
2 2 6 0 4 1 14 8 28 2 0 84
2 2 5 0 5 1 12 5 4 8 0 119
5 2 6 1 1 1 14 8 44 2 0 67
5 2 6 1 1 1 14 8 4 5 0 47
5 2 6 0 3 1 15 10 8 5 0 136
12345
12345
12345
12345
12345
12345
12345
3 2 6 1 1 1 14 9 44 3 0 38
3 2 6 1 1 1 14 9 4 6 0 81
3 2 6 0 2 1 15 10 107 2 0 125
3 2 6 0 3 1 14 8 1 6 0 67
3 2 6 0 4 1 14 8 8 6 0 81
12345
12345
12345
12345
12345
12345
12345
3 2 6 1 1 1 13 7 10 3 0 206
3 2 6 0 2 1 15 10 21 1 0 10
3 2 6 0 3 1 14 8 29 2 0 16
12345
12345
12345
12345
12345
12345
12345
1 2 6 2 1 1 13 7 1 3 0 131
4 2 6 1 1 1 14 8 14 1 0 218
4 2 6 0 2 1 15 10 36 1 0 124
4 2 6 0 3 1 12 5 37 1 0 18
4 2 5 2 5 1 14 8 7 1 0 135
4 2 5 0 5 1 12 5 40 6 0 155
4 2 5 0 5 1 11 2 40 6 0 104
4 2 5 0 5 1 11 3 45 8 0 104
6 2 6 1 1 1 11 2 4 6 0 32
6 2 6 0 2 1 13 7 91 2 0 105
12345
12345
12345
12345
12345
12345
12345
4 2 6 1 1 1 15 10 2 2 0 167
4 2 6 0 2 1 15 10 20 1 0 45
4 2 6 0 3 1 14 8 22 1 0 124
4 2 6 0 4 1 15 10 29 1 0 139
12345
12345
12345
12345
12345
12345
12345
3 2 6 2 1 1 14 9 31 2 0 94
3 2 6 0 2 1 15 10 83 3 0 116
3 2 6 0 3 1 15 10 84 3 0 35
12345
12345
12345
12345
12345
12345
12345
3 2 6 1 1 1 14 8 9 2 0 150
3 2 6 1 1 1 12 4 5 3 0 171
3 2 6 0 2 1 14 8 25 2 0 118
3 2 6 0 3 1 15 10 27 2 0 44
3 2 6 0 4 1 15 10 19 2 0 40
12345
12345
12345
12345
12345
12345
12345
3 2 6 1 1 1 14 9 4 1 0 219
3 2 5 0 5 1 15 10 1 4 0 28
3 2 5 0 5 1 12 4 11 6 0 145
12345
12345
12345
12345
12345
12345
12345
3 2 6 2 1 1 14 8 8 1 0 153
3 2 6 0 2 1 14 8 27 3 0 141
3 2 6 0 4 1 14 9 26 2 0 149
3 2 6 0 4 1 14 9 22 3 0 1
12345
12345
12345
12345
12345
12345
12345
3 2 6 2 1 1 14 9 29 2 0 98
3 2 6 2 1 1 14 9 26 2 0 98
3 2 6 0 2 1 15 10 68 2 0 11
3 2 6 0 3 1 15 10 74 2 0 143
3 2 6 0 4 1 14 9 87 2 0 141
4 2 5 0 5 1 14 8 3 6 0 120
4 2 5 0 5 1 14 8 1 8 0 133
12345
12345
12345
12345
12345
12345
12345
4 2 6 1 1 1 14 9 4 3 0 217
4 2 6 0 2 1 15 10 8 1 0 18
4 2 6 0 3 1 15 10 5 1 0 136
4 2 6 0 4 1 15 10 3 1 0 134
12345
12345
12345
12345
12345
12345
12345
3 2 5 2 5 1 14 9 9 1 0 177
3 2 5 0 5 1 14 8 27 4 0 69
3 2 5 0 5 1 15 10 28 8 0 95
12345
12345
12345
12345
12345
12345
12345
3 2 6 2 1 1 14 8 7 2 0 207
3 2 6 0 2 1 15 10 18 3 0 125
3 2 6 0 3 1 15 10 16 3 0 38
3 2 6 0 4 1 15 10 17 3 0 40
12345
12345
12345
12345
12345
12345
12345
3 2 6 1 1 1 14 8 9 3 0 184
3 2 6 0 2 1 15 10 19 2 0 94
3 2 6 0 3 1 14 9 20 2 0 58
3 2 6 0 4 1 14 9 15 2 0 51
7 2 6 2 1 1 12 4 7 2 0 161
12345
12345
12345
12345
12345
12345
12345
2 2 6 1 1 1 11 2 21 2 0 96
2 2 6 0 2 1 15 10 56 2 0 134
2 2 6 0 3 1 12 5 53 1 0 149
12345
12345
12345
12345
12345
12345
12345
3 2 6 2 1 1 14 9 7 3 0 143
3 2 6 0 2 1 14 9 29 3 0 42
3 2 6 0 3 1 14 8 29 3 0 119
12345
12345
12345
12345
12345
12345
12345
3 2 6 1 1 1 14 9 21 3 0 115
3 2 6 0 2 1 15 10 50 1 0 31
3 2 6 0 3 1 11 2 48 1 0 135
3 2 6 0 3 1 11 2 52 1 0 135
3 2 6 0 4 1 15 10 52 1 0 140
12345
12345
12345
12345
12345
12345
12345
3 2 6 1 1 1 14 8 26 2 0 104
3 2 6 1 1 1 12 4 26 2 0 144
3 2 6 0 2 1 15 10 69 1 0 45
3 2 6 0 3 1 15 10 65 1 0 105
3 2 6 0 4 1 15 10 73 1 0 92
4 2 6 1 1 1 12 5 4 3 0 98
4 2 6 1 1 1 12 4 18 3 0 213
12345
12345
12345
12345
12345
12345
12345
2 2 5 2 5 1 15 10 24 1 0 115
2 2 5 0 5 1 14 8 66 4 0 92
2 2 5 0 5 1 15 10 74 6 0 73
2 2 5 0 5 1 15 10 90 8 0 84
12345
12345
12345
12345
12345
12345
12345
3 2 6 2 1 1 14 9 18 1 0 70
3 2 6 0 2 1 15 10 54 2 0 76
3 2 6 0 3 1 14 8 61 2 0 86
3 2 6 0 4 1 15 10 75 2 0 96
12345
12345
12345
12345
12345
12345
12345
3 2 6 1 1 1 12 5 17 6 0 26
3 2 6 0 2 1 15 10 0 6 0 58
3 2 6 0 3 1 12 4 5 6 0 118
3 2 6 0 4 1 12 4 13 7 0 25
12345
12345
12345
12345
12345
12345
12345
3 2 6 2 1 1 12 4 42 2 0 52
3 2 6 0 2 1 14 9 107 3 0 78
3 2 6 0 3 1 14 9 1 8 0 96
12345
12345
12345
12345
12345
12345
12345
2 2 5 2 5 1 14 8 6 1 0 195
2 2 5 0 5 1 15 10 14 4 0 40
2 2 5 0 5 1 15 10 15 6 0 107
2 2 5 0 5 1 15 10 10 8 0 97
12345
12345
12345
12345
12345
12345
12345
3 2 6 1 1 1 14 8 6 3 0 207
3 2 6 0 2 1 15 10 9 2 0 123
3 2 6 0 3 1 12 5 20 2 0 7
12345
12345
12345
12345
12345
12345
12345
3 2 6 1 1 1 14 9 10 1 0 146
3 2 6 0 2 1 15 10 26 1 0 118
3 2 6 0 3 1 14 8 23 1 0 45
3 2 6 0 4 1 14 8 23 1 0 58
12345
12345
12345
12345
12345
12345
12345
3 2 6 1 1 1 14 9 25 3 0 6
3 2 6 2 1 1 14 9 28 1 0 113
3 2 6 0 2 1 15 10 70 2 0 116
3 2 6 0 3 1 14 8 73 2 0 46
3 2 6 0 4 1 15 10 85 2 0 52
12345
12345
12345
12345
12345
12345
12345
3 2 6 2 1 1 11 2 4 2 0 181
3 2 6 0 2 1 15 10 15 3 0 49
3 2 6 0 3 1 14 9 23 3 0 96
12345
12345
12345
12345
12345
12345
12345
2 2 6 2 1 1 14 8 10 2 0 172
2 2 6 0 2 1 14 9 23 3 0 93
2 2 6 0 3 1 14 9 22 3 0 59
2 2 6 0 4 1 14 9 20 3 0 40
12345
12345
12345
12345
12345
12345
12345
2 2 6 1 1 1 14 9 2 3 0 147
2 2 6 0 2 1 14 9 10 2 0 114
2 2 6 0 3 1 15 10 16 2 0 41
2 2 6 0 4 1 15 10 15 2 0 42
12345
12345
12345
12345
12345
12345
12345
4 2 6 2 1 1 14 9 4 2 0 181
4 2 6 0 2 1 15 10 8 2 0 0
4 2 6 0 2 1 15 10 11 3 0 151
4 2 6 0 3 1 14 8 8 3 0 20
4 2 6 0 4 1 14 8 5 3 0 45
12345
12345
12345
12345
12345
12345
12345
3 2 6 1 1 1 13 7 1 1 0 163
3 2 6 0 2 1 15 10 6 1 0 148
3 2 6 0 3 1 11 2 3 1 0 27
12345
12345
12345
12345
12345
12345
12345
2 2 6 1 1 1 13 7 9 3 0 135
2 2 6 1 1 1 15 10 9 3 0 168
2 2 6 2 1 1 14 9 11 1 0 213
2 2 6 0 2 1 14 9 27 2 0 137
2 2 6 0 3 1 14 8 41 2 0 27
2 2 6 0 4 1 13 6 50 2 0 50
12345
12345
12345
12345
12345
12345
12345
3 2 6 1 1 1 13 6 16 5 0 149
3 2 6 0 2 1 15 10 3 5 0 117
3 2 6 0 3 1 15 10 15 5 0 48
3 2 6 0 4 1 15 10 23 5 0 47
12345
12345
12345
12345
12345
12345
12345
3 2 6 1 1 1 14 8 31 1 0 125
3 2 6 1 1 1 14 8 0 1 0 125
3 2 6 0 2 1 14 8 69 1 0 115
3 2 6 0 3 1 14 9 65 1 0 40
3 2 6 0 4 1 14 9 74 1 0 25
3 2 5 2 5 1 14 8 22 1 0 16
12345
12345
12345
12345
12345
12345
12345
3 2 6 2 1 1 14 9 2 2 0 144
3 2 6 0 2 1 14 9 7 3 0 124
3 2 6 0 3 1 14 8 3 3 0 39
3 2 6 0 4 1 14 8 1 3 0 55
12345
12345
12345
12345
12345
12345
12345
4 2 6 1 1 1 12 5 39 3 0 50
4 2 6 0 2 1 15 10 96 1 0 10
4 2 6 0 4 1 14 8 2 6 0 45
12345
12345
12345
12345
12345
12345
12345
4 2 6 2 1 1 14 8 2 3 0 192
4 2 6 0 2 1 15 10 6 3 0 38
4 2 6 0 3 1 14 9 2 3 0 109
12345
12345
12345
12345
12345
12345
12345
2 2 6 2 1 1 13 7 19 2 0 26
2 2 6 2 1 1 14 9 33 5 0 25
2 2 6 0 2 1 14 8 11 8 0 43
2 2 6 0 3 1 14 8 19 8 0 120
2 2 6 0 4 1 14 8 27 8 0 133
7 2 5 0 5 1 14 9 51 4 0 48
7 2 5 0 5 1 14 8 61 6 0 118
7 2 5 0 5 1 15 10 72 8 0 126
12345
12345
12345
12345
12345
12345
12345
4 2 6 2 1 1 14 8 25 1 0 46
4 2 6 0 2 1 15 10 66 3 0 150
4 2 6 0 3 1 14 9 60 3 0 1
4 2 6 0 4 1 14 9 71 2 0 137
12345
12345
12345
12345
12345
12345
12345
2 2 6 1 1 1 15 10 0 2 0 132
2 2 6 1 1 1 14 8 4 3 0 220
2 2 6 0 2 1 15 10 1 2 0 148
2 2 6 0 3 1 15 10 1 1 0 157
2 2 6 0 3 1 14 9 4 2 0 7
2 2 6 0 4 1 15 10 2 2 0 4
12345
12345
12345
12345
12345
12345
12345
3 2 6 2 1 1 12 4 38 2 0 53
3 2 6 0 2 1 15 10 84 3 0 70
3 2 6 0 3 1 14 9 78 3 0 71
3 2 6 0 4 1 15 10 88 3 0 48
12345
12345
12345
12345
12345
12345
12345
1 2 6 1 1 1 14 8 1 1 0 204
3 2 6 2 1 1 11 3 31 2 0 57
3 2 6 0 2 1 14 9 73 2 0 26
3 2 6 0 3 1 15 10 83 2 0 126
12345
12345
12345
12345
12345
12345
12345
3 2 6 1 1 1 14 9 32 2 0 88
3 2 6 0 2 1 14 9 91 1 0 123
3 2 6 0 3 1 15 10 92 1 0 31
3 2 6 0 4 1 14 8 1 4 0 63
12345
12345
12345
12345
12345
12345
12345
4 2 5 2 5 1 15 10 7 1 0 191
4 2 5 0 5 1 15 10 19 4 0 71
4 2 5 0 5 1 14 8 22 6 0 97
4 2 5 0 5 1 14 8 20 8 0 105
12345
12345
12345
12345
12345
12345
12345
3 2 6 1 1 1 13 7 42 6 0 94
3 2 6 0 2 1 14 8 17 6 0 108
3 2 6 0 3 1 14 8 26 6 0 63
3 2 6 0 4 1 14 8 35 6 0 80
12345
12345
12345
12345
12345
12345
12345
3 2 6 2 1 1 14 8 17 1 0 103
3 2 6 0 2 1 14 8 45 2 0 26
3 2 6 0 3 1 15 10 50 2 0 127
3 2 6 0 4 1 13 7 55 2 0 107
12345
12345
12345
12345
12345
12345
12345
3 2 6 1 1 1 12 4 19 3 0 4
3 2 6 2 1 1 14 8 4 1 0 170
3 2 6 0 2 1 13 6 74 1 0 119
3 2 6 0 2 1 15 10 10 2 0 12
3 2 6 0 3 1 15 10 14 2 0 141
3 2 6 0 4 1 13 7 14 2 0 116
12345
12345
12345
12345
12345
12345
12345
0 2 6 2 1 1 14 8 8 1 0 141
3 2 6 2 1 1 14 8 10 2 0 219
3 2 6 0 2 1 15 10 20 3 0 117
3 2 6 0 3 1 12 5 18 3 0 25
12345
12345
12345
12345
12345
12345
12345
2 2 6 2 1 1 13 6 9 3 0 220
2 2 6 0 2 1 14 8 20 3 0 3
2 2 6 0 4 1 14 9 21 3 0 150
12345
12345
12345
12345
12345
12345
12345
2 2 6 1 1 1 14 9 8 3 0 184
2 2 6 0 2 1 15 10 18 2 0 143
2 2 6 0 3 1 15 10 22 2 0 22
2 2 6 0 4 1 14 8 21 2 0 35
12345
12345
12345
12345
12345
12345
12345
3 2 6 1 1 1 13 6 26 4 0 121
3 2 6 0 2 1 15 10 7 4 0 109
3 2 6 0 3 1 15 10 15 4 0 50
3 2 6 0 4 1 14 9 24 4 0 43
12345
12345
12345
12345
12345
12345
12345
3 2 6 0 2 1 15 10 9 1 0 137
3 2 6 0 3 1 14 9 8 1 0 9
3 2 5 2 5 1 14 8 0 1 0 141
3 2 5 0 5 1 14 9 11 6 0 152
3 2 5 0 5 1 12 5 14 8 0 110
12345
12345
12345
12345
12345
12345
12345
3 2 6 1 1 1 14 9 3 2 0 139
3 2 6 0 2 1 14 8 19 1 0 36
3 2 6 0 3 1 13 6 16 1 0 139
3 2 6 0 4 1 14 8 21 2 0 19
12345
12345
12345
12345
12345
12345
12345
2 2 6 2 1 1 14 9 3 3 0 134
2 2 6 0 2 1 15 10 16 3 0 38
2 2 6 0 3 1 13 6 16 3 0 130
7 2 6 2 1 1 13 6 5 2 0 178
12345
12345
12345
12345
12345
12345
12345
3 2 6 1 1 1 14 8 52 4 0 53
3 2 6 0 2 1 15 10 25 4 0 45
3 2 6 0 3 1 15 10 35 4 0 112
3 2 6 0 4 1 14 9 44 4 0 107
12345
12345
12345
12345
12345
12345
12345
3 2 5 2 5 1 14 9 33 1 0 26
3 2 5 0 5 1 15 10 92 4 0 52
3 2 5 0 5 1 13 6 6 9 0 105
12345
12345
12345
12345
12345
12345
12345
3 2 6 1 1 1 12 4 16 1 0 18
3 2 6 0 2 1 14 9 45 1 0 53
3 2 6 0 3 1 12 5 42 1 0 83
3 2 6 0 4 1 12 5 46 1 0 40
12345
12345
12345
12345
12345
12345
12345
2 2 6 2 1 1 12 5 41 2 0 52
2 2 6 0 2 1 15 10 97 2 0 10
2 2 6 0 4 1 12 4 3 8 0 52
12345
12345
12345
12345
12345
12345
12345
2 2 6 1 1 1 13 7 55 4 0 71
2 2 6 0 2 1 15 10 23 4 0 86
2 2 6 0 3 1 14 8 32 4 0 87
2 2 6 0 4 1 12 4 41 4 0 113
12345
12345
12345
12345
12345
12345
12345
3 2 6 1 1 1 14 9 8 3 0 203
3 2 6 0 2 1 14 9 23 1 0 61
3 2 6 0 3 1 14 8 26 1 0 87
12345
12345
12345
12345
12345
12345
12345
3 2 6 2 1 1 14 9 6 2 0 201
3 2 6 0 2 1 14 8 5 2 0 7
3 2 6 0 2 1 15 10 7 3 0 156
3 2 6 0 3 1 14 8 4 3 0 15
3 2 6 0 4 1 14 8 3 3 0 36
12345
12345
12345
12345
12345
12345
12345
3 2 6 1 1 1 15 10 1 3 0 148
3 2 6 0 2 1 15 10 2 2 0 109
3 2 6 0 3 1 14 9 4 2 0 43
3 2 6 0 4 1 15 10 0 2 0 41
12345
12345
12345
12345
12345
12345
12345
4 2 6 2 1 1 14 9 3 1 0 204
4 2 6 0 2 1 14 9 11 2 0 108
4 2 6 0 3 1 14 8 22 2 0 52
4 2 6 0 4 1 15 10 28 2 0 69
12345
12345
12345
12345
12345
12345
12345
3 2 6 2 1 1 15 10 29 3 0 34
3 2 6 0 2 1 15 10 88 3 0 18
3 2 6 0 3 1 15 10 88 3 0 136
3 2 6 0 4 1 14 9 0 9 0 103
12345
12345
12345
12345
12345
12345
12345
4 2 6 2 1 1 14 9 1 3 0 201
4 2 6 0 2 1 15 10 5 3 0 83
4 2 6 0 3 1 15 10 3 3 0 72
12345
12345
12345
12345
12345
12345
12345
4 2 6 1 1 1 14 8 34 1 0 38
4 2 6 0 2 1 15 10 92 1 0 81
4 2 6 0 3 1 15 10 92 1 0 74
5 2 6 2 1 1 13 6 3 2 0 184
5 2 6 0 2 1 14 8 2 3 0 46
12345
12345
12345
12345
12345
12345
12345
2 2 6 1 1 1 14 8 12 3 0 176
2 2 6 0 2 1 15 10 27 2 0 94
2 2 6 0 3 1 14 9 36 2 0 57
2 2 6 0 4 1 15 10 39 2 0 47
12345
12345
12345
12345
12345
12345
12345
3 2 6 1 1 1 14 8 35 1 0 39
3 2 6 0 2 1 15 10 94 1 0 84
3 2 6 0 3 1 14 9 94 1 0 70
12345
12345
12345
12345
12345
12345
12345
3 2 6 1 1 1 12 5 27 5 0 87
3 2 6 0 2 1 15 10 7 5 0 121
3 2 6 0 3 1 12 4 19 5 0 74
3 2 6 0 4 1 14 8 26 5 0 110
3 2 5 2 5 1 12 5 0 1 0 138
12345
12345
12345
12345
12345
12345
12345
3 2 6 2 1 1 14 9 28 2 0 104
3 2 6 0 2 1 15 10 65 2 0 20
3 2 6 0 3 1 15 10 68 2 0 144
3 2 6 0 4 1 14 8 78 2 0 152
12345
12345
12345
12345
12345
12345
12345
4 2 6 2 1 1 14 9 5 2 0 143
4 2 6 0 2 1 15 10 17 3 0 121
4 2 6 0 3 1 14 8 15 3 0 45
12345
12345
12345
12345
12345
12345
12345
3 2 6 2 1 1 14 8 0 2 0 141
3 2 6 0 2 1 15 10 8 3 0 66
3 2 6 0 3 1 15 10 6 3 0 94
6 2 5 2 5 1 12 5 25 1 0 74
7 2 6 1 1 1 12 4 12 2 0 176
7 2 6 1 1 1 13 6 12 2 0 60
12345
12345
12345
12345
12345
12345
12345
3 2 6 1 1 1 14 9 7 2 0 174
3 2 6 0 2 1 15 10 24 1 0 79
3 2 6 0 3 1 12 4 20 1 0 100
5 2 6 2 1 1 13 6 0 1 0 157
12345
12345
12345
12345
12345
12345
12345
3 2 6 1 1 1 12 5 21 6 0 29
3 2 6 0 2 1 14 9 3 6 0 67
3 2 6 0 3 1 15 10 9 6 0 84
12345
12345
12345
12345
12345
12345
12345
3 2 5 2 5 1 14 8 3 1 0 198
3 2 5 0 5 1 14 8 10 4 0 43
3 2 5 0 5 1 14 8 15 6 0 126
3 2 5 0 5 1 15 10 14 8 0 130
12345
12345
12345
12345
12345
12345
12345
3 2 5 0 5 1 15 10 30 4 0 112
3 2 5 0 5 1 14 8 38 6 0 71
3 2 5 0 5 1 12 4 45 8 0 113
4 2 5 2 5 1 14 9 14 1 0 222
12345
12345
12345
12345
12345
12345
12345
4 2 6 1 1 1 13 6 6 2 0 205
4 2 6 0 2 1 15 10 20 1 0 33
4 2 6 0 3 1 12 5 25 1 0 99
12345
12345
12345
12345
12345
12345
12345
4 2 6 2 1 1 14 8 4 1 0 180
4 2 6 2 1 1 12 4 7 2 0 163
4 2 6 0 2 1 14 8 16 2 0 10
4 2 6 0 2 1 15 10 19 3 0 157
4 2 6 0 3 1 14 9 24 2 0 141
4 2 6 0 4 1 14 9 26 2 0 121
12345
12345
12345
12345
12345
12345
12345
12345
12345
12345
12345
12345
12345
12345
12345
12345
12345
12345
12345
12345
12345
12345
12345
12345
12345
12345
12345
12345
12345
12345
12345
12345
12345
12345
12345
12345
12345
12345
12345
12345
12345
12345
12345
12345
12345
12345
12345
12345
12345
12345
