12345
12345
12345
12345
12345
12345
12345
12345
12345
12345
12345
1 1 1 1 1 1 15 10 8 3 0 191
1 1 1 0 2 1 15 10 22 2 0 52
1 1 1 0 3 1 15 10 28 2 0 106
1 1 1 0 4 1 15 10 28 2 0 106
12345
12345
12345
12345
12345
12345
12345
12345
12345
12345
12345
12345
12345
12345
12345
12345
12345
12345
12345
12345
12345
12345
12345
12345
12345
1 1 1 0 3 1 15 10 44 5 0 60
12345
1 1 1 1 1 1 15 10 55 5 0 97
1 1 1 0 2 1 14 8 28 5 0 98
1 1 1 0 4 1 14 9 55 5 1 60
12345
12345
12345
12345
12345
12345
0 1 1 0 1 2 0 0 21 0 0 574
0 1 1 0 1 2 0 0 19 1 0 574
0 1 1 0 1 2 0 0 21 3 0 569
0 1 1 0 1 2 0 0 21 5 0 574
12345
12345
12345
12345
12345
12345
12345
12345
12345
12345
12345
12345
12345
12345
12345
12345
12345
12345
12345
12345
1 1 1 0 3 1 14 8 3 7 0 38
1 1 1 0 4 1 14 8 9 7 0 54
12345
12345
12345
12345
12345
12345
0 1 1 0 3 2 0 0 14 0 0 862
0 1 1 0 3 2 0 0 14 1 0 902
0 1 1 0 3 2 0 0 13 2 0 893
0 1 1 0 3 2 0 0 11 4 0 874
12345
12345
12345
12345
12345
12345
12345
12345
12345
12345
12345
12345
12345
12345
12345
12345
12345
12345
12345
12345
1 1 1 0 2 1 15 10 13 1 0 106
1 1 1 0 3 1 15 10 16 1 0 60
1 1 1 0 4 1 15 10 14 1 0 62
12345
12345
12345
12345
12345
12345
12345
12345
12345
12345
12345
12345
12345
12345
12345
12345
12345
12345
12345
12345
12345
12345
12345
12345
12345
12345
1 1 1 1 1 1 14 8 21 1 0 80
1 1 1 1 1 1 14 8 20 1 0 80
1 1 1 0 2 1 15 10 51 1 0 38
1 1 1 0 3 1 15 10 55 1 0 120
1 1 1 0 4 1 15 10 61 1 0 116
12345
12345
12345
12345
12345
12345
12345
12345
12345
12345
12345
12345
12345
12345
12345
12345
12345
12345
12345
12345
12345
12345
12345
12345
12345
12345
1 1 1 2 1 1 14 9 25 3 1 58
1 1 1 2 1 1 14 9 24 3 1 58
1 1 1 0 2 1 15 10 75 3 0 131
1 1 1 0 3 1 15 10 73 3 0 26
1 1 1 0 4 1 15 10 87 3 0 27
12345
12345
12345
12345
12345
12345
0 1 1 0 5 2 0 0 9 4 0 1186
12345
12345
12345
12345
12345
12345
12345
12345
12345
12345
12345
12345
12345
12345
12345
12345
12345
12345
12345
12345
1 1 1 2 5 1 14 9 25 1 1 58
1 1 1 2 5 1 14 9 24 1 1 58
1 1 1 0 5 1 15 10 75 4 0 131
1 1 1 0 5 1 15 10 73 6 0 26
1 1 1 0 5 1 15 10 87 8 0 27
12345
12345
12345
12345
12345
12345
0 1 1 0 4 2 0 0 14 1 0 956
0 1 1 0 6 2 0 0 9 4 0 286
12345
12345
12345
12345
12345
12345
12345
12345
12345
12345
12345
12345
12345
12345
12345
12345
12345
12345
12345
12345
1 1 1 1 1 1 14 8 38 1 0 80
1 1 1 1 1 1 14 8 37 1 0 80
1 1 1 0 2 1 15 10 92 1 0 31
1 1 1 0 4 1 15 10 1 4 0 97
12345
12345
12345
12345
12345
12345
0 1 1 0 0 2 0 0 11 4 0 398
12345
12345
12345
12345
12345
12345
12345
12345
12345
12345
12345
12345
12345
12345
12345
12345
12345
12345
12345
12345
1 1 1 2 1 1 13 6 18 4 0 23
12345
12345
12345
12345
12345
12345
0 1 1 0 3 2 0 0 14 0 0 799
0 1 1 0 2 2 0 0 14 1 0 775
0 1 1 0 4 2 0 0 11 4 0 1012
12345
12345
12345
12345
12345
12345
12345
12345
12345
12345
12345
12345
12345
12345
12345
12345
12345
12345
12345
12345
1 1 1 2 1 1 11 2 25 4 0 21
1 1 1 0 3 1 15 10 17 7 0 106
1 1 1 0 4 1 15 10 24 7 0 110
12345
12345
12345
12345
12345
12345
0 1 1 0 3 2 0 0 14 0 0 792
0 1 1 0 3 2 0 0 17 1 0 822
0 1 1 0 3 2 0 0 15 2 0 824
12345
12345
12345
12345
12345
12345
12345
12345
12345
12345
12345
12345
12345
12345
12345
12345
12345
12345
12345
12345
1 1 1 1 1 1 15 10 35 1 0 68
1 1 1 0 2 1 15 10 88 1 0 46
12345
12345
12345
12345
12345
12345
0 1 1 0 0 2 0 0 11 4 0 414
12345
12345
12345
12345
12345
12345
12345
12345
12345
12345
12345
12345
12345
12345
12345
12345
12345
12345
12345
12345
1 1 1 0 2 1 13 7 88 3 1 54
12345
12345
12345
12345
0 1 1 0 3 2 0 0 14 0 0 843
12345
12345
0 1 1 0 4 2 0 0 13 0 0 1021
12345
12345
12345
12345
12345
12345
12345
12345
12345
12345
12345
12345
12345
12345
12345
12345
12345
12345
12345
12345
1 1 1 0 5 1 13 7 88 4 1 54
12345
12345
12345
12345
12345
0 1 1 0 2 2 0 0 14 1 0 717
12345
12345
12345
12345
12345
12345
12345
12345
12345
12345
12345
12345
12345
12345
12345
12345
12345
12345
12345
12345
12345
1 1 1 2 1 1 14 9 43 5 1 87
1 1 1 0 2 1 14 8 18 8 0 100
1 1 1 0 3 1 14 8 28 8 0 68
1 1 1 0 4 1 14 8 38 8 0 83
12345
12345
12345
12345
12345
12345
0 1 1 0 4 2 0 0 17 0 0 1014
0 1 1 0 4 2 0 0 16 1 0 1028
12345
12345
12345
12345
12345
12345
12345
12345
12345
12345
12345
12345
12345
12345
12345
12345
12345
12345
12345
1 1 1 0 2 1 14 9 65 1 1 95
12345
1 1 1 1 1 1 13 7 23 1 1 90
1 1 1 0 3 1 14 8 60 1 0 61
1 1 1 0 4 1 14 8 67 1 0 65
12345
12345
12345
12345
12345
12345
12345
12345
12345
12345
12345
12345
12345
12345
12345
12345
12345
12345
12345
12345
12345
12345
12345
12345
12345
1 1 1 0 3 1 14 8 30 7 0 67
12345
1 1 1 2 1 1 14 9 37 4 1 77
12345
12345
12345
12345
12345
12345
0 1 1 0 3 2 0 0 18 0 0 855
0 1 1 0 3 2 0 0 17 1 0 862
0 1 1 0 3 2 0 0 18 3 0 867
0 1 1 0 3 2 0 0 19 5 0 864
12345
12345
12345
12345
12345
12345
12345
12345
12345
12345
12345
12345
12345
12345
12345
12345
12345
12345
12345
12345
1 1 1 2 1 1 15 10 9 1 0 159
1 1 1 0 2 1 15 10 31 2 0 101
12345
12345
12345
12345
12345
12345
12345
12345
12345
12345
12345
12345
12345
12345
12345
12345
12345
12345
12345
12345
12345
12345
12345
12345
12345
12345
1 1 1 0 2 1 15 10 82 3 0 141
1 1 1 0 3 1 14 9 84 3 1 10
12345
12345
12345
12345
12345
0 1 1 0 4 2 0 0 23 3 0 996
12345
12345
12345
12345
12345
12345
12345
12345
12345
12345
12345
12345
12345
12345
12345
12345
12345
12345
12345
12345
12345
1 1 1 1 1 1 13 6 37 1 0 45
1 1 1 0 4 1 14 8 91 1 0 151
1 1 1 0 5 1 15 10 82 4 0 141
1 1 1 0 5 1 14 9 84 6 1 10
12341
12341
12341
12341
12341
12341
0 1 1 0 0 2 0 0 9 4 0 349
12341
12341
12341
12341
12341
12341
12341
12341
12341
12341
12341
12341
12341
12341
12341
12341
12341
12341
12341
12341
1 1 1 2 1 1 13 6 1 4 0 129
1 1 1 0 3 1 14 9 3 7 1 48
1 1 1 0 4 1 14 9 9 7 1 36
12341
12341
12341
12341
12341
12341
0 1 1 0 3 2 0 0 11 4 0 904
12341
12341
12341
12341
12341
12341
12341
12341
12341
12341
12341
12341
12341
12341
12341
12341
12341
12341
12341
12341
1 1 1 1 1 1 15 10 22 6 0 15
1 1 1 0 2 1 15 10 5 6 0 16
1 1 1 0 3 1 15 10 13 6 0 142
1 1 1 0 4 1 15 10 21 6 0 141
1 1 1 0 4 1 14 8 21 6 0 152
12341
12341
12341
12341
12341
12341
0 1 1 0 2 2 0 0 13 0 0 642
0 1 1 0 2 2 0 0 14 1 0 642
0 1 1 0 2 2 0 0 15 2 0 639
12341
12341
12341
12341
12341
12341
12341
12341
12341
12341
12341
12341
12341
12341
12341
12341
12341
12341
12341
12341
1 1 1 2 1 1 14 8 30 2 0 92
1 1 1 0 2 1 15 10 78 3 0 33
1 1 1 0 3 1 14 9 85 3 1 120
12341
12341
12341
12341
12341
12341
0 1 1 0 4 2 0 0 9 4 0 1017
12341
12341
12341
12341
12341
12341
12341
12341
12341
12341
12341
12341
12341
12341
12341
12341
12341
12341
12341
12341
1 1 1 0 5 1 15 10 78 4 0 33
1 1 1 0 5 1 14 9 85 6 1 120
12341
12341
12341
12341
12341
12341
12341
12341
12341
12341
12341
12341
12341
12341
12341
12341
12341
12341
12341
12341
12341
12341
12341
12341
12341
12341
1 1 1 1 1 1 14 9 53 6 1 147
1 1 1 0 2 1 15 10 25 6 0 155
1 1 1 0 2 1 14 9 23 7 1 4
1 1 1 0 3 1 15 10 35 6 0 1
1 1 1 0 3 1 14 8 37 7 0 151
1 1 1 0 4 1 15 10 45 6 0 2
1 1 1 0 4 1 15 10 48 7 0 152
12341
12341
12341
12341
12341
12341
0 1 1 0 2 2 0 0 20 0 0 771
0 1 1 0 2 2 0 0 19 1 0 778
0 1 1 0 3 2 0 0 21 3 0 782
0 1 1 0 3 2 0 0 19 5 0 785
12341
12341
12341
12341
12341
12341
12341
12341
12341
12341
12341
12341
12341
12341
12341
12341
12341
12341
12341
12341
1 1 1 0 2 1 14 8 95 1 0 117
1 1 1 0 4 1 12 5 9 5 1 106
12341
12341
12341
12341
12341
12341
0 1 1 0 1 2 0 0 10 2 0 520
12341
12341
12341
12341
12341
12341
12341
12341
12341
12341
12341
12341
12341
12341
12341
12341
12341
12341
12341
12341
1 1 1 0 2 1 14 9 88 1 1 116
1 1 1 0 4 1 13 7 2 5 1 31
12341
12341
12341
12341
12341
12341
0 1 1 0 1 2 0 0 10 2 0 583
0 1 1 0 1 2 0 0 11 4 0 609
12341
12341
12341
12341
12341
12341
12341
12341
12341
12341
12341
12341
12341
12341
12341
12341
12341
12341
12341
12341
1 1 1 1 1 1 14 9 10 1 1 180
1 1 1 0 2 1 15 10 31 1 0 66
1 1 1 0 4 1 15 10 35 1 0 85
12341
12341
12341
12341
12341
12341
12341
12341
12341
12341
12341
12341
12341
12341
12341
12341
12341
12341
12341
12341
12341
12341
12341
12341
12341
12341
1 1 1 0 4 1 12 4 13 9 0 79
12341
12341
12341
12341
12341
12341
0 1 1 0 5 2 0 0 13 2 0 1195
0 1 1 0 5 2 0 0 13 4 0 1150
12341
12341
12341
12341
12341
12341
12341
12341
12341
12341
12341
12341
12341
12341
12341
12341
12341
12341
12341
12341
1 1 1 0 5 1 12 4 13 9 0 79
12341
12341
12341
12341
12341
12341
0 1 1 0 0 2 0 0 13 0 0 370
0 1 1 0 0 2 0 0 14 1 0 386
0 1 1 0 6 2 0 0 13 2 0 295
0 1 1 0 6 2 0 0 13 4 0 250
12341
12341
12341
12341
12341
12341
12341
12341
12341
12341
12341
12341
12341
12341
12341
12341
12341
12341
12341
12341
1 1 1 1 1 1 14 9 38 5 1 5
1 1 1 0 3 1 15 10 30 5 0 140
1 1 1 0 3 1 15 10 25 5 0 140
12341
12341
12341
12341
12341
12341
0 1 1 0 1 2 0 0 18 0 0 482
0 1 1 0 1 2 0 0 17 1 0 494
0 1 1 0 1 2 0 0 18 3 0 492
0 1 1 0 1 2 0 0 19 5 0 489
12341
12341
12341
12341
12341
12341
12341
12341
12341
12341
12341
12341
12341
12341
12341
12341
12341
12341
12341
12341
1 1 1 1 1 1 15 10 5 2 0 189
1 1 1 1 1 1 15 10 4 2 0 189
1 1 1 0 2 1 15 10 21 1 0 118
1 1 1 0 3 1 15 10 20 1 0 42
12341
12341
12341
12341
12341
12341
12341
12341
12341
12341
12341
12341
12341
12341
12341
12341
12341
12341
12341
12341
12341
12341
12341
12341
12341
12341
1 1 1 1 1 1 15 10 42 2 0 18
1 1 1 0 3 1 15 10 3 5 0 117
1 1 1 0 4 1 15 10 10 5 0 117
12341
12341
12341
12341
12341
12341
0 1 1 0 1 2 0 0 14 0 0 508
0 1 1 0 1 2 0 0 13 2 0 513
12341
12341
12341
12341
12341
12341
12341
12341
12341
12341
12341
12341
12341
12341
12341
12341
12341
12341
12341
12341
1 1 1 0 5 1 15 10 13 6 0 131
1 1 1 0 5 1 15 10 12 8 0 131
12341
12341
12341
12341
12341
12341
0 1 1 0 6 2 0 0 14 1 0 196
12341
12341
12341
12341
12341
12341
12341
12341
12341
12341
12341
12341
12341
12341
12341
12341
12341
12341
12341
12341
1 1 1 2 1 1 15 10 6 2 0 156
1 1 1 2 1 1 14 9 6 2 1 140
1 1 1 2 1 1 15 10 4 2 0 156
1 1 1 2 1 1 14 9 4 2 1 140
1 1 1 0 3 1 15 10 13 3 0 131
1 1 1 0 4 1 15 10 12 3 0 131
12341
12341
12341
12341
12341
12341
0 1 1 0 1 2 0 0 14 0 0 595
0 1 1 0 5 2 0 0 14 1 0 1096
12341
12341
12341
12341
12341
12341
12341
12341
12341
12341
12341
12341
12341
12341
12341
12341
12341
12341
12341
12341
1 1 1 2 1 1 13 7 32 2 1 90
1 1 1 2 1 1 13 7 31 2 1 90
1 1 1 0 2 1 15 10 85 3 0 112
1 1 1 0 3 1 15 10 82 3 0 48
12341
12341
12341
12341
12341
12341
0 1 1 0 5 2 0 0 9 4 0 1110
12341
12341
12341
12341
12341
12341
12341
12341
12341
12341
12341
12341
12341
12341
12341
12341
12341
12341
12341
12341
1 1 1 0 5 1 15 10 85 4 0 112
1 1 1 0 5 1 15 10 82 6 0 48
12341
12341
12341
12341
12341
12341
0 1 1 0 6 2 0 0 9 4 0 210
12341
12341
12341
12341
12341
12341
12341
12341
12341
12341
12341
12341
12341
12341
12341
12341
12341
12341
12341
12341
1 1 1 1 1 1 15 10 43 3 0 60
1 1 1 1 1 1 15 10 42 3 0 60
1 1 1 0 2 1 14 9 103 2 1 47
1 1 1 0 4 1 15 10 7 6 0 70
12341
12341
12341
12341
12341
12341
0 1 1 0 2 2 0 0 13 2 0 712
0 1 1 0 2 2 0 0 11 4 0 714
12341
12341
12341
12341
12341
12341
12341
12341
12341
12341
12341
12341
12341
12341
12341
12341
12341
12341
12341
12341
1 1 1 2 1 1 13 6 26 1 0 82
1 1 1 2 1 1 13 6 25 1 0 82
1 1 1 0 2 1 14 9 75 2 1 88
1 1 1 0 3 1 11 3 90 2 1 19
12341
12341
12341
12341
12341
12341
0 1 1 0 3 2 0 0 10 2 0 925
0 1 1 0 4 2 0 0 11 4 0 1012
12341
12341
12341
12341
12341
12341
12341
12341
12341
12341
12341
12341
12341
12341
12341
12341
12341
12341
12341
12341
1 1 1 1 1 1 14 9 12 4 1 147
1 1 1 0 3 1 15 10 6 4 0 2
1 1 1 0 4 1 14 8 14 4 0 4
1 1 1 0 4 1 15 10 16 5 0 154
12341
12341
12341
12341
12341
12341
0 1 1 0 0 2 0 0 13 0 0 478
0 1 1 0 1 2 0 0 14 1 0 482
0 1 1 0 1 2 0 0 13 2 0 482
0 1 1 0 0 2 0 0 13 4 0 475
12341
12341
12341
12341
12341
12341
12341
12341
12341
12341
12341
12341
12341
12341
12341
12341
12341
12341
12341
12341
1 1 1 2 5 1 14 9 38 2 1 58
1 1 1 0 5 1 15 10 16 5 0 61
1 1 1 0 5 1 15 10 31 7 0 96
1 1 1 0 5 1 15 10 41 9 0 96
12341
12341
12341
12341
12341
12341
0 1 1 0 6 2 0 0 18 0 0 234
0 1 1 0 6 2 0 0 17 1 0 239
0 1 1 0 6 2 0 0 18 3 0 239
12341
12341
12341
12341
12341
12341
12341
12341
12341
12341
12341
12341
12341
12341
12341
12341
12341
12341
12341
12341
1 1 1 2 1 1 14 9 38 6 1 58
1 1 1 0 2 1 15 10 16 9 0 61
1 1 1 0 3 1 15 10 31 9 0 96
1 1 1 0 4 1 15 10 41 9 0 96
12341
12341
12341
12341
12341
12341
0 1 1 0 5 2 0 0 18 0 0 1134
0 1 1 0 5 2 0 0 17 1 0 1139
0 1 1 0 5 2 0 0 18 3 0 1139
12341
12341
12341
12341
12341
12341
12341
12341
12341
12341
12341
12341
12341
12341
12341
12341
12341
12341
12341
12341
1 1 1 1 1 1 12 5 38 3 1 111
12341
12341
12341
12341
12341
12341
12341
12341
12341
12341
12341
12341
12341
12341
12341
12341
12341
12341
12341
12341
12341
12341
12341
12341
12341
12341
1 1 1 1 1 1 12 5 38 2 1 27
1 1 1 1 1 1 12 5 37 2 1 27
12341
12341
12341
12341
12341
12341
12341
12341
12341
12341
12341
12341
12341
12341
12341
12341
12341
12341
12341
12341
12341
12341
12341
12341
12341
12341
1 1 1 2 1 1 13 7 20 1 1 14
1 1 1 0 3 1 15 10 44 2 0 35
1 1 1 0 4 1 14 8 42 2 0 41
12341
12341
12341
12341
12341
12341
12341
12341
12341
12341
12341
12341
12341
12341
12341
12341
12341
12341
12341
12341
12341
12341
12341
12341
12341
12341
1 1 1 1 1 1 11 2 32 2 0 63
1 1 1 1 1 1 11 2 31 2 0 63
1 1 1 0 2 1 15 10 74 1 0 35
12341
12341
12341
12341
12341
12341
12341
12341
12341
12341
12341
12341
12341
12341
12341
12341
12341
12341
12341
12341
12341
12341
12341
12341
12341
12341
1 1 1 2 1 1 14 8 0 2 0 191
1 1 1 0 2 1 15 10 6 3 0 38
1 1 1 0 3 1 15 10 3 3 0 119
1 1 1 0 4 1 15 10 2 3 0 117
12341
12341
12341
12341
12341
12341
12341
12341
12341
12341
12341
12341
12341
12341
12341
12341
12341
12341
12341
12341
12341
12341
12341
12341
12341
12341
1 1 1 0 5 1 15 10 6 4 0 38
1 1 1 0 5 1 15 10 3 6 0 119
1 1 1 0 5 1 15 10 2 8 0 117
12341
12341
12341
12341
12341
12341
12341
12341
12341
12341
12341
12341
12341
12341
12341
12341
12341
12341
12341
12341
12341
12341
12341
12341
12341
12341
1 1 1 1 1 1 14 9 1 2 1 145
1 1 1 0 2 1 15 10 4 1 0 88
1 1 1 0 3 1 15 10 7 1 0 72
1 1 1 0 4 1 15 10 5 1 0 72
12341
12341
12341
12341
12341
12341
12341
12341
12341
12341
12341
12341
12341
12341
12341
12341
12341
12341
12341
12341
12341
12341
12341
12341
12341
12341
1 1 1 2 1 1 14 8 36 1 0 116
1 1 1 2 1 1 14 8 35 1 0 116
1 1 1 0 2 1 15 10 103 2 0 143
1 1 1 0 3 1 14 9 2 7 1 27
1 1 1 0 4 1 15 10 9 7 0 27
12341
12341
12341
12341
12341
12341
0 1 1 0 3 2 0 0 13 2 0 909
0 1 1 0 3 2 0 0 11 4 0 907
12341
12341
12341
12341
12341
12341
12341
12341
12341
12341
12341
12341
12341
12341
12341
12341
12341
12341
12341
12341
1 1 1 1 1 1 14 9 16 2 1 46
1 1 1 1 1 1 14 9 15 2 1 46
1 1 1 0 2 1 15 10 50 1 0 109
1 1 1 0 3 1 15 10 49 1 0 49
1 1 1 0 3 1 15 10 46 1 0 49
1 1 1 0 4 1 14 8 55 1 0 49
12341
12341
12341
12341
12341
12341
12341
12341
12341
12341
12341
12341
12341
12341
12341
12341
12341
12341
12341
12341
12341
12341
12341
12341
12341
12341
1 1 1 2 1 1 14 8 39 5 0 68
1 1 1 0 2 1 15 10 15 8 0 53
1 1 1 0 3 1 15 10 24 8 0 106
1 1 1 0 4 1 15 10 33 8 0 105
12341
12341
12341
12341
12341
12341
0 1 1 0 4 2 0 0 17 0 0 989
0 1 1 0 4 2 0 0 16 1 0 979
0 1 1 0 4 2 0 0 18 3 0 979
0 1 1 0 4 2 0 0 16 5 0 979
12341
12341
12341
12341
12341
12341
12341
12341
12341
12341
12341
12341
12341
12341
12341
12341
12341
12341
12341
12341
1 1 1 2 1 1 14 8 19 1 0 78
1 1 1 2 1 1 14 8 18 1 0 78
1 1 1 0 2 1 15 10 57 2 0 120
1 1 1 0 4 1 15 10 73 2 0 39
12341
12341
12341
12341
12341
12341
12341
12341
12341
12341
12341
12341
12341
12341
12341
12341
12341
12341
12341
12341
12341
12341
12341
12341
12341
12341
1 1 1 1 1 1 15 10 15 3 0 81
1 1 1 1 1 1 15 10 14 3 0 81
1 1 1 0 2 1 15 10 44 2 0 63
1 1 1 0 4 1 15 10 47 2 0 95
12341
12341
12341
12341
12341
12341
12341
12341
12341
12341
12341
12341
12341
12341
12341
12341
12341
12341
12341
12341
12341
12341
12341
12341
12341
12341
1 1 1 1 1 1 12 5 7 5 1 142
1 1 1 1 1 1 13 7 12 6 1 4
1 1 1 0 3 1 15 10 6 6 0 128
1 1 1 0 4 1 15 10 13 6 0 135
12341
12341
12341
12341
12341
12341
0 1 1 0 1 2 0 0 14 0 0 623
0 1 1 0 2 2 0 0 13 0 0 637
0 1 1 0 2 2 0 0 14 1 0 649
0 1 1 0 2 2 0 0 13 2 0 649
0 1 1 0 2 2 0 0 13 4 0 649
12341
12341
12341
12341
12341
12341
12341
12341
12341
12341
12341
12341
12341
12341
12341
12341
12341
12341
12341
12341
1 1 1 1 1 1 15 10 16 2 0 56
1 1 1 1 1 1 14 9 16 2 1 81
1 1 1 1 1 1 15 10 18 2 0 56
1 1 1 1 1 1 14 9 18 2 1 81
1 1 1 0 2 1 14 9 53 2 1 15
1 1 1 0 3 1 15 10 59 2 0 140
1 1 1 0 4 1 14 8 69 2 0 145
12341
12341
12341
12341
12341
12341
12341
12341
12341
12341
12341
12341
12341
12341
12341
12341
12341
12341
12341
12341
12341
12341
12341
12341
12341
12341
1 1 1 1 1 1 15 10 41 1 0 114
1 1 1 1 1 1 15 10 3 4 0 133
1 1 1 0 2 1 14 8 108 1 0 66
1 1 1 0 3 1 15 10 1 4 0 33
1 1 1 0 4 1 15 10 8 4 0 33
12341
12341
12341
12341
12341
12341
0 1 1 0 0 2 0 0 13 2 0 447
12341
0 1 1 0 3 2 0 0 19 1 0 813
12341
12341
12341
12341
12341
12341
12341
12341
12341
12341
12341
12341
12341
12341
12341
12341
12341
12341
12341
1 1 1 2 1 1 15 10 42 3 0 31
1 1 1 0 2 1 15 10 107 3 0 97
1 1 1 0 3 1 15 10 3 9 0 117
1 1 1 0 4 1 15 10 10 9 0 117
12341
12341
12341
12341
12341
12341
0 1 1 0 5 2 0 0 11 4 0 1120
12341
12341
12341
12341
12341
12341
12341
12341
12341
12341
12341
12341
12341
12341
12341
12341
12341
12341
12341
12341
1 1 1 2 5 1 15 10 42 1 0 31
1 1 1 0 5 1 15 10 107 4 0 97
1 1 1 0 5 1 15 10 3 7 0 117
1 1 1 0 5 1 15 10 10 9 0 117
12341
12341
12341
12341
12341
12341
0 1 1 0 6 2 0 0 11 4 0 220
12341
12341
12341
12341
12341
12341
12341
12341
12341
12341
12341
12341
12341
12341
12341
12341
12341
12341
12341
12341
1 1 1 0 2 1 15 10 2 3 0 74
1 1 1 0 3 1 15 10 5 3 0 81
1 1 1 0 4 1 15 10 3 3 0 81
12341
12341
12341
12341
12341
12341
12341
12341
12341
12341
12341
12341
12341
12341
12341
12341
12341
12341
12341
12341
12341
12341
12341
12341
12341
12341
1 1 1 0 5 1 15 10 2 4 0 74
1 1 1 0 5 1 15 10 5 6 0 81
1 1 1 0 5 1 15 10 3 8 0 81
12341
12341
12341
12341
12341
12341
12341
12341
12341
12341
12341
12341
12341
12341
12341
12341
12341
12341
12341
12341
12341
12341
12341
12341
12341
12341
1 1 1 1 1 1 15 10 12 2 0 144
1 1 1 1 1 1 15 10 11 2 0 144
1 1 1 0 2 1 15 10 30 1 0 95
1 1 1 0 3 1 14 8 29 1 0 65
1 1 1 0 4 1 14 8 28 1 0 70
12341
12341
12341
12341
12341
12341
12341
12341
12341
12341
12341
12341
12341
12341
12341
12341
12341
12341
12341
12341
12341
12341
12341
12341
12341
12341
1 1 1 2 1 1 12 5 32 1 1 28
1 1 1 0 2 1 14 9 73 3 1 16
1 1 1 0 3 1 12 4 70 2 0 18
1 1 1 0 3 1 13 6 66 3 0 157
1 1 1 0 4 1 13 6 83 2 0 56
12341
12341
12341
12341
12341
12341
12341
12341
12341
12341
12341
12341
12341
12341
12341
12341
12341
12341
12341
12341
12341
12341
12341
12341
12341
12341
1 1 1 0 5 1 14 9 73 4 1 16
1 1 1 0 5 1 13 6 66 6 0 157
12341
12341
12341
12341
12341
12341
12341
12341
12341
12341
12341
12341
12341
12341
12341
12341
12341
12341
12341
12341
12341
12341
12341
12341
12341
12341
1 1 1 2 1 1 13 6 41 4 0 87
1 1 1 0 2 1 15 10 17 7 0 53
1 1 1 0 3 1 12 5 35 7 1 77
1 1 1 0 4 1 15 10 51 7 0 55
12341
12341
12341
12341
12341
12341
0 1 1 0 3 2 0 0 19 1 0 829
0 1 1 0 3 2 0 0 18 3 0 867
0 1 1 0 3 2 0 0 21 5 0 881
12341
12341
12341
12341
12341
12341
12341
12341
12341
12341
12341
12341
12341
12341
12341
12341
12341
12341
12341
12341
1 1 1 2 1 1 13 6 38 1 0 26
1 1 1 2 1 1 13 6 37 1 0 26
1 1 1 0 2 1 15 10 95 2 0 43
1 1 1 0 4 1 15 10 2 6 0 83
12341
12341
12341
12341
12341
12341
0 1 1 0 2 2 0 0 11 4 0 700
12341
12341
12341
12341
12341
12341
12341
12341
12341
12341
12341
12341
12341
12341
12341
12341
12341
12341
12341
12341
1 1 1 2 1 1 12 4 35 3 0 49
1 1 1 0 2 1 15 10 90 3 0 66
12341
12341
12341
12341
12341
12341
0 1 1 0 5 2 0 0 10 2 0 1122
0 1 1 0 5 2 0 0 11 4 0 1218
12341
12341
0 1 1 0 2 2 0 0 13 2 0 757
12341
12341
12341
12341
12341
12341
12341
12341
12341
12341
12341
12341
12341
12341
12341
12341
12341
12341
1 1 1 2 5 1 12 4 35 1 0 49
1 1 1 0 5 1 15 10 90 4 0 66
12341
12341
12341
12341
12341
12341
0 1 1 0 6 2 0 0 10 2 0 222
0 1 1 0 6 2 0 0 11 4 0 318
12341
12341
12341
12341
12341
12341
12341
12341
12341
12341
12341
12341
12341
12341
12341
12341
12341
12341
12341
12341
1 1 1 1 1 1 15 10 16 3 0 43
1 1 1 1 1 1 14 9 16 3 1 69
1 1 1 1 1 1 15 10 18 3 0 43
1 1 1 1 1 1 14 9 18 3 1 69
1 1 1 0 2 1 15 10 38 2 0 62
1 1 1 0 3 1 15 10 35 2 0 97
1 1 1 0 4 1 14 8 33 2 0 102
12341
12341
12341
12341
12341
12341
12341
12341
12341
12341
12341
12341
12341
12341
12341
12341
12341
12341
12341
12341
12341
12341
12341
12341
12341
12341
1 1 1 1 1 1 14 9 19 2 1 65
1 1 1 1 1 1 14 8 19 2 0 79
1 1 1 1 1 1 14 9 18 2 1 65
1 1 1 1 1 1 14 8 18 2 0 79
1 1 1 0 2 1 14 8 56 1 0 131
1 1 1 0 3 1 15 10 54 1 0 31
12341
12341
12341
12341
12341
12341
12341
12341
12341
12341
12341
12341
12341
12341
12341
12341
12341
12341
12341
12341
12341
12341
12341
12341
12341
12341
1 1 1 2 1 1 12 4 8 5 0 40
1 1 1 0 2 1 14 9 105 3 1 10
12341
12341
12341
12341
12341
12341
0 1 1 0 4 2 0 0 13 0 0 960
0 1 1 0 5 2 0 0 11 4 0 1155
12341
12341
12341
12341
12341
12341
12341
12341
12341
12341
12341
12341
12341
12341
12341
12341
12341
12341
12341
12341
1 1 1 0 5 1 14 9 105 4 1 10
12341
12341
12341
12341
12341
12341
0 1 1 0 6 2 0 0 11 4 0 255
12341
12341
12341
12341
12341
12341
12341
12341
12341
12341
12341
12341
12341
12341
12341
12341
12341
12341
12341
12341
1 1 1 1 1 1 14 9 13 3 1 88
1 1 1 1 1 1 6 9 12 3 1 88
1 1 1 0 2 1 15 10 34 2 0 66
1 1 1 0 3 1 15 10 41 2 0 90
1 1 1 0 4 1 15 10 44 2 0 91
12341
12341
12341
12341
12341
12341
12341
12341
12341
12341
12341
12341
12341
12341
12341
12341
12341
12341
12341
12341
12341
12341
12341
12341
12341
12341
1 1 1 1 1 1 12 5 15 1 1 37
1 1 1 1 1 1 12 5 14 1 1 37
1 1 1 0 2 1 14 9 27 1 1 84
1 1 1 0 3 1 15 10 23 1 0 73
1 1 1 0 4 1 14 8 25 1 0 83
12341
12341
12341
12341
12341
12341
12341
12341
0 1 1 0 1 2 0 0 13 2 0 569
12341
12341
12341
12341
12341
12341
12341
12341
12341
12341
12341
12341
12341
12341
12341
12341
12341
12341
1 1 1 1 1 1 15 10 20 2 0 44
1 1 1 0 2 1 14 9 61 1 1 88
1 1 1 0 3 1 15 10 59 1 0 70
1 1 1 0 4 1 15 10 69 1 0 69
12341
12341
12341
12341
12341
12341
12341
12341
12341
12341
12341
12341
12341
12341
12341
12341
12341
12341
12341
12341
12341
12341
12341
12341
12341
12341
1 1 1 1 1 1 14 8 26 1 0 70
1 1 1 0 2 1 15 10 70 1 0 28
1 1 1 0 3 1 15 10 68 1 0 131
1 1 1 0 4 1 14 8 79 1 0 133
12341
12341
12341
12341
12341
12341
12341
12341
12341
12341
12341
12341
12341
12341
12341
12341
12341
12341
12341
12341
12341
12341
12341
12341
12341
12341
1 1 1 1 1 1 14 9 10 5 1 136
1 1 1 0 2 1 15 10 1 6 0 11
1 1 1 0 3 1 15 10 9 6 0 146
1 1 1 0 3 1 15 10 11 6 0 146
1 1 1 0 4 1 14 9 16 6 1 149
12341
12341
12341
12341
12341
12341
0 1 1 0 1 2 0 0 14 0 0 614
0 1 1 0 2 2 0 0 14 1 0 639
0 1 1 0 2 2 0 0 13 2 0 635
0 1 1 0 2 2 0 0 13 4 0 635
12341
12341
12341
12341
12341
12341
12341
12341
12341
12341
12341
12341
12341
12341
12341
12341
12341
12341
12341
12341
1 1 1 2 1 1 14 9 11 2 1 194
1 1 1 2 1 1 14 9 10 2 1 194
1 1 1 0 2 1 15 10 31 3 0 89
1 1 1 0 3 1 14 8 38 3 0 71
1 1 1 0 4 1 15 10 42 3 0 79
12341
12341
12341
12341
12341
12341
12341
12341
12341
12341
12341
12341
12341
12341
12341
12341
12341
12341
12341
12341
12341
12341
12341
12341
12341
12341
1 1 1 0 5 1 15 10 31 4 0 89
1 1 1 0 5 1 14 8 38 6 0 71
1 1 1 0 5 1 15 10 42 8 0 79
12341
12341
12341
12341
12341
12341
12341
12341
12341
12341
12341
12341
12341
12341
12341
12341
12341
12341
12341
12341
12341
12341
12341
12341
12341
12341
1 1 1 1 1 1 15 10 33 5 0 124
1 1 1 0 2 1 15 10 12 5 0 118
1 1 1 0 3 1 14 8 26 5 0 42
1 1 1 0 4 1 15 10 38 5 0 41
1 1 1 0 4 1 14 8 38 5 0 52
1 1 1 0 4 1 15 10 35 5 0 41
1 1 1 0 4 1 14 8 35 5 0 52
12341
12341
12341
12341
12341
12341
0 1 1 0 1 2 0 0 18 0 0 602
0 1 1 0 1 2 0 0 17 1 0 597
0 1 1 0 1 2 0 0 18 3 0 593
0 1 1 0 1 2 0 0 16 5 0 583
12341
12341
12341
12341
12341
12341
12341
12341
12341
12341
12341
12341
12341
12341
12341
12341
12341
12341
12341
12341
1 1 1 0 2 1 14 8 102 1 0 130
12341
12341
12341
12341
12341
12341
0 1 1 0 1 2 0 0 14 0 0 546
0 1 1 0 1 2 0 0 10 2 0 492
0 1 1 0 0 2 0 0 11 4 0 403
12341
12341
12341
12341
12341
12341
12341
12341
12341
12341
12341
12341
12341
12341
12341
12341
12341
12341
12341
12341
1 1 1 2 1 1 15 10 7 2 0 191
1 1 1 0 2 1 15 10 21 3 0 46
1 1 1 0 3 1 15 10 27 3 0 114
1 1 1 0 4 1 15 10 27 3 0 113
12341
12341
12341
12341
12341
12341
12341
12341
12341
0 1 1 0 4 2 0 0 16 1 0 1028
12341
12341
12341
12341
12341
12341
12341
12341
12341
12341
12341
12341
12341
12341
12341
12341
12341
1 1 1 0 5 1 15 10 21 4 0 46
1 1 1 0 5 1 15 10 27 6 0 114
1 1 1 0 5 1 15 10 27 8 0 113
12341
12341
12341
12341
12341
12341
0 1 1 0 5 2 0 0 23 3 0 1150
12341
12341
12341
12341
12341
12341
12341
12341
12341
12341
12341
12341
12341
12341
12341
12341
12341
12341
12341
12341
1 1 1 1 1 1 15 10 9 1 0 205
1 1 1 0 2 1 15 10 31 1 0 69
1 1 1 0 3 1 15 10 31 1 0 88
12341
12341
12341
12341
12341
12341
12341
12341
12341
12341
12341
12341
12341
12341
12341
12341
12341
12341
12341
12341
12341
12341
12341
12341
12341
12341
1 1 1 1 1 1 14 8 35 5 0 18
1 1 1 0 2 1 15 10 13 4 0 147
1 1 1 0 3 1 14 9 20 4 1 4
1 1 1 0 3 1 14 9 22 5 1 150
1 1 1 0 4 1 15 10 29 5 0 139
12341
12341
12341
12341
12341
12341
0 1 1 0 1 2 0 0 18 0 0 489
0 1 1 0 0 2 0 0 16 1 0 473
0 1 1 0 1 2 0 0 15 2 0 485
0 1 1 0 1 2 0 0 16 5 0 501
12341
12341
12341
12341
12341
12341
12341
12341
12341
12341
12341
12341
12341
12341
12341
12341
12341
12341
12341
12341
1 1 1 2 1 1 14 9 20 6 1 71
1 1 1 0 3 1 14 9 17 9 1 65
1 1 1 0 4 1 15 10 25 9 0 69
12341
12341
12341
12341
12341
12341
0 1 1 0 5 2 0 0 14 0 0 1148
0 1 1 0 5 2 0 0 14 1 0 1162
0 1 1 0 5 2 0 0 16 5 0 1164
12341
12341
12341
12341
12341
12341
12341
12341
12341
12341
12341
12341
12341
12341
12341
12341
12341
12341
12341
12341
1 1 1 2 5 1 14 9 20 2 1 71
1 1 1 0 5 1 14 9 17 7 1 65
1 1 1 0 5 1 15 10 25 9 0 69
12341
12341
12341
12341
12341
12341
0 1 1 0 6 2 0 0 14 0 0 248
0 1 1 0 6 2 0 0 14 1 0 262
0 1 1 0 6 2 0 0 16 5 0 264
12341
12341
12341
12341
12341
12341
12341
12341
12341
12341
12341
12341
12341
12341
12341
12341
12341
12341
12341
12341
1 1 1 2 1 1 14 9 27 4 1 98
1 1 1 0 2 1 15 10 8 7 0 114
1 1 1 0 3 1 14 8 19 7 0 47
12341
12341
12341
12341
12341
12341
0 1 1 0 3 2 0 0 14 0 0 876
0 1 1 0 3 2 0 0 17 1 0 893
0 1 1 0 3 2 0 0 15 2 0 881
0 1 1 0 3 2 0 0 16 5 0 876
12341
12341
12341
12341
12341
12341
12341
12341
12341
12341
12341
12341
12341
12341
12341
12341
12341
12341
12341
12341
1 1 1 1 1 1 14 8 39 6 0 3
1 1 1 0 2 1 15 10 13 5 0 144
1 1 1 0 4 1 15 10 37 5 0 11
12341
12341
12341
12341
12341
12341
0 1 1 0 1 2 0 0 17 1 0 625
0 1 1 0 1 2 0 0 18 3 0 621
0 1 1 0 1 2 0 0 19 5 0 625
12341
12341
12341
12341
12341
12341
12341
12341
12341
12341
12341
12341
12341
12341
12341
12341
12341
12341
12341
12341
1 1 1 0 2 1 15 10 6 2 0 141
1 1 1 0 3 1 15 10 10 2 0 12
1 1 1 0 4 1 15 10 8 2 0 11
12341
12341
12341
12341
12341
12341
12341
12341
12341
12341
12341
12341
12341
12341
12341
12341
12341
12341
12341
12341
12341
12341
12341
12341
12341
12341
1 1 1 1 1 1 14 8 0 2 0 188
1 1 1 0 2 1 14 8 2 1 0 112
1 1 1 0 3 1 15 10 4 1 0 50
1 1 1 0 4 1 15 10 3 1 0 51
12341
12341
12341
12341
12341
12341
12341
12341
12341
12341
12341
12341
12341
12341
12341
12341
12341
12341
12341
12341
12341
12341
12341
12341
12341
12341
1 1 1 2 1 1 14 9 21 5 1 38
12341
12341
12341
12341
12341
12341
0 1 1 0 4 2 0 0 13 0 0 965
0 1 1 0 4 2 0 0 14 1 0 963
12341
12341
12341
12341
12341
12341
12341
12341
12341
12341
12341
12341
12341
12341
12341
12341
12341
12341
12341
12341
1 1 1 0 5 1 15 10 48 4 0 35
1 1 1 0 5 1 14 8 48 4 0 49
1 1 1 0 5 1 15 10 42 4 0 35
1 1 1 0 5 1 14 8 42 4 0 49
1 1 1 0 5 1 14 9 46 6 1 123
1 1 1 0 5 1 15 10 52 8 0 123
12341
12341
12341
12341
12341
12341
12341
12341
12341
12341
12341
12341
12341
12341
12341
12341
12341
12341
12341
12341
12341
12341
12341
12341
12341
12341
1 1 1 2 1 1 14 8 17 2 0 65
1 1 1 0 2 1 15 10 48 3 0 35
1 1 1 0 2 1 14 8 48 3 0 49
1 1 1 0 2 1 15 10 42 3 0 35
1 1 1 0 2 1 14 8 42 3 0 49
1 1 1 0 3 1 14 9 46 3 1 123
1 1 1 0 4 1 15 10 52 3 0 123
12341
12341
12341
12341
12341
12341
12341
12341
12341
12341
12341
12341
12341
12341
12341
12341
12341
12341
12341
12341
12341
12341
12341
12341
12341
12341
1 1 1 2 1 1 14 9 7 4 1 105
12341
12341
12341
12341
12341
12341
0 1 1 0 3 2 0 0 14 1 0 893
0 1 1 0 3 2 0 0 13 4 0 900
12341
12341
0 1 1 0 4 2 0 0 18 3 0 1054
12341
12341
12341
12341
12341
12341
12341
12341
12341
12341
12341
12341
12341
12341
12341
12341
12341
12341
1 1 1 1 1 1 14 9 39 1 1 120
1 1 1 1 1 1 15 10 7 4 0 121
1 1 1 0 3 1 15 10 4 4 0 36
1 1 1 0 4 1 14 9 11 4 1 36
12341
12341
12341
12341
12341
12341
0 1 1 0 0 2 0 0 14 1 0 447
0 1 1 0 0 2 0 0 13 2 0 443
0 1 1 0 0 2 0 0 13 4 0 447
12341
12341
12341
12341
12341
12341
12341
12341
12341
12341
12341
12341
12341
12341
12341
12341
12341
12341
12341
12341
1 1 1 1 1 1 15 10 17 1 0 106
1 1 1 1 1 1 15 10 16 1 0 106
1 1 1 0 3 1 15 10 55 1 0 96
12341
12341
12341
12341
12341
12341
12341
12341
12341
12341
12341
12341
12341
12341
12341
12341
12341
12341
12341
12341
12341
12341
12341
12341
12341
12341
1 1 1 1 1 1 12 5 26 5 1 45
1 1 1 0 2 1 15 10 4 5 0 67
1 1 1 0 3 1 13 6 17 5 0 133
12341
12341
12341
12341
12341
12341
0 1 1 0 1 2 0 0 14 1 0 548
0 1 1 0 1 2 0 0 15 2 0 496
0 1 1 0 0 2 0 0 18 5 0 405
12341
12341
12341
12341
12341
12341
12341
12341
12341
12341
12341
12341
12341
12341
12341
12341
12341
12341
12341
12341
1 1 1 2 1 1 12 5 38 1 1 96
1 1 1 0 2 1 15 10 100 3 0 49
1 1 1 0 4 1 13 6 0 8 0 104
12341
12341
12341
12341
12341
12341
0 1 1 0 4 2 0 0 13 0 0 986
0 1 1 0 4 2 0 0 10 2 0 993
0 1 1 0 4 2 0 0 11 4 0 967
12341
12341
12341
12341
12341
12341
12341
12341
12341
12341
12341
12341
12341
12341
12341
12341
12341
12341
12341
12341
1 1 1 0 5 1 15 10 100 4 0 49
12341
12341
12341
12341
12341
12341
12341
12341
12341
12341
12341
12341
12341
12341
12341
12341
12341
12341
12341
12341
12341
12341
12341
12341
12341
12341
1 1 1 2 1 1 15 10 56 4 0 92
1 1 1 0 2 1 15 10 28 7 0 83
1 1 1 0 3 1 15 10 43 7 0 76
1 1 1 0 4 1 15 10 53 7 0 76
12341
12341
12341
12341
12341
12341
0 1 1 0 3 2 0 0 21 0 0 871
0 1 1 0 3 2 0 0 19 1 0 862
0 1 1 0 3 2 0 0 21 3 0 855
0 1 1 0 3 2 0 0 21 5 0 862
12341
12341
12341
12341
12341
12341
12341
12341
12341
12341
12341
12341
12341
12341
12341
12341
12341
12341
12341
12341
1 1 1 2 1 1 15 10 3 3 0 159
1 1 1 0 2 1 15 10 8 3 0 78
1 1 1 0 3 1 14 8 10 3 0 88
1 1 1 0 4 1 14 8 7 3 0 91
12341
12341
12341
12341
12341
12341
12341
12341
12341
12341
12341
12341
12341
12341
12341
12341
12341
12341
12341
12341
12341
12341
12341
12341
12341
12341
1 1 1 2 5 1 15 10 3 1 0 159
1 1 1 0 5 1 15 10 8 4 0 78
1 1 1 0 5 1 14 8 10 6 0 88
1 1 1 0 5 1 14 8 7 8 0 91
12341
12341
12341
12341
12341
12341
12341
12341
12341
12341
12341
12341
12341
12341
12341
12341
12341
12341
12341
12341
12341
12341
12341
12341
12341
12341
1 1 1 1 1 1 15 10 45 6 0 78
1 1 1 0 2 1 15 10 19 6 0 69
1 1 1 0 3 1 15 10 29 6 0 90
1 1 1 0 4 1 14 9 38 6 1 89
12341
12341
12341
12341
12341
12341
0 1 1 0 2 2 0 0 19 1 0 700
0 1 1 0 2 2 0 0 18 3 0 693
0 1 1 0 2 2 0 0 18 5 0 700
12341
12341
12341
12341
12341
12341
12341
12341
12341
12341
12341
12341
12341
12341
12341
12341
12341
12341
12341
12341
1 1 1 1 1 1 15 10 45 2 0 30
1 1 1 1 1 1 15 10 1 5 0 35
1 1 1 0 3 1 15 10 6 5 0 124
1 1 1 0 4 1 15 10 13 5 0 124
12341
12341
12341
12341
12341
12341
0 1 1 0 1 2 0 0 14 0 0 517
0 1 1 0 1 2 0 0 13 4 0 513
12341
12341
12341
12341
12341
12341
12341
12341
12341
12341
12341
12341
12341
12341
12341
12341
12341
12341
12341
12341
1 1 1 1 1 1 15 10 22 2 0 101
1 1 1 0 2 1 14 8 72 1 0 117
1 1 1 0 3 1 14 9 74 1 1 43
1 1 1 0 3 1 14 9 69 1 1 43
1 1 1 0 4 1 15 10 80 1 0 42
12341
12341
12341
12341
12341
12341
12341
12341
12341
12341
12341
12341
12341
12341
12341
12341
12341
12341
12341
12341
12341
12341
12341
12341
12341
12341
1 1 1 1 1 1 15 10 54 4 0 55
1 1 1 0 2 1 15 10 26 4 0 62
1 1 1 0 3 1 14 9 36 4 1 96
1 1 1 0 4 1 15 10 47 4 0 96
12341
12341
12341
12341
12341
12341
0 1 1 0 0 2 0 0 20 0 0 381
0 1 1 0 0 2 0 0 19 1 0 386
0 1 1 0 0 2 0 0 20 3 0 386
0 1 1 0 0 2 0 0 18 5 0 389
12341
12341
12341
12341
12341
12341
12341
12341
12341
12341
12341
12341
12341
12341
12341
12341
12341
12341
12341
12341
1 1 1 1 1 1 14 8 45 5 0 17
1 1 1 0 2 1 15 10 23 4 0 154
1 1 1 0 2 1 15 10 20 5 0 5
1 1 1 0 3 1 14 9 32 4 1 5
1 1 1 0 3 1 14 9 35 5 1 155
1 1 1 0 4 1 15 10 43 4 0 5
1 1 1 0 4 1 15 10 45 5 0 155
12341
12341
12341
12341
12341
12341
0 1 1 0 1 2 0 0 18 0 0 492
0 1 1 0 1 2 0 0 19 1 0 485
0 1 1 0 0 2 0 0 18 3 0 475
0 1 1 0 0 2 0 0 18 5 0 478
12341
12341
12341
12341
12341
12341
12341
12341
12341
12341
12341
12341
12341
12341
12341
12341
12341
12341
12341
12341
1 1 1 2 1 1 14 8 23 3 0 110
1 1 1 2 1 1 14 8 22 3 0 110
1 1 1 0 2 1 15 10 71 3 0 119
1 1 1 0 3 1 15 10 79 3 0 35
1 1 1 0 4 1 15 10 95 3 0 30
12341
12341
12341
12341
12341
12341
0 1 1 0 5 2 0 0 9 4 0 1181
12341
12341
12341
12341
12341
12341
12341
12341
12341
12341
12341
12341
12341
12341
12341
12341
12341
12341
12341
12341
1 1 1 2 5 1 14 8 23 1 0 110
1 1 1 2 5 1 14 8 22 1 0 110
1 1 1 0 5 1 15 10 71 4 0 119
1 1 1 0 5 1 15 10 79 6 0 35
1 1 1 0 5 1 15 10 95 8 0 30
12341
12341
12341
12341
12341
12341
0 1 1 0 6 2 0 0 9 4 0 281
12341
12341
12341
12341
12341
12341
12341
12341
12341
12341
12341
12341
12341
12341
12341
12341
12341
12341
12341
12341
1 1 1 1 1 1 12 4 27 6 0 85
1 1 1 0 2 1 15 10 7 6 0 65
1 1 1 0 3 1 15 10 15 6 0 83
1 1 1 0 4 1 14 9 23 6 1 68
12341
12341
12341
0 1 1 0 4 2 0 0 13 4 0 944
12341
12341
12341
0 1 1 0 2 2 0 0 13 0 0 707
0 1 1 0 2 2 0 0 16 1 0 693
0 1 1 0 2 2 0 0 15 2 0 710
12341
12341
12341
12341
12341
12341
12341
12341
12341
12341
12341
12341
12341
12341
12341
12341
12341
12341
12341
12341
1 1 1 1 1 1 14 9 42 5 1 14
1 1 1 0 2 1 15 10 18 5 0 41
1 1 1 0 3 1 15 10 31 5 0 110
1 1 1 0 4 1 15 10 41 5 0 110
12341
12341
12341
12341
12341
12341
0 1 1 0 1 2 0 0 18 0 0 492
0 1 1 0 1 2 0 0 19 1 0 513
0 1 1 0 1 2 0 0 18 3 0 524
0 1 1 0 1 2 0 0 19 5 0 522
12341
12341
12341
12341
12341
12341
12341
12341
12341
12341
12341
12341
12341
12341
12341
12341
12341
12341
12341
12341
1 1 1 1 1 1 13 6 24 3 0 56
1 1 1 0 2 1 15 10 63 1 0 153
1 1 1 0 2 1 15 10 58 2 0 4
1 1 1 0 3 1 15 10 59 1 0 3
1 1 1 0 4 1 15 10 71 2 0 142
12341
12341
12341
12341
12341
12341
12341
12341
12341
12341
12341
12341
12341
12341
12341
12341
12341
12341
12341
12341
12341
12341
12341
12341
12341
12341
1 1 1 1 1 1 14 9 44 3 1 43
1 1 1 1 1 1 14 9 43 3 1 43
1 1 1 1 1 1 14 9 0 6 1 87
1 1 1 0 2 1 14 9 106 2 1 56
1 1 1 0 3 1 15 10 1 6 0 43
1 1 1 0 4 1 13 7 7 6 1 41
12341
12341
12341
12341
12341
12341
0 1 1 0 2 2 0 0 13 0 0 719
0 1 1 0 2 2 0 0 13 2 0 733
0 1 1 0 2 2 0 0 11 4 0 740
12341
12341
12341
12341
12341
12341
12341
12341
12341
12341
12341
12341
12341
12341
12341
12341
12341
12341
12341
12341
1 1 1 1 1 1 15 10 14 3 0 67
1 1 1 1 1 1 15 10 13 3 0 67
1 1 1 0 2 1 15 10 41 2 0 65
1 1 1 0 3 1 15 10 40 2 0 90
12341
12341
12341
12341
12341
12341
12341
12341
12341
12341
12341
12341
12341
12341
12341
12341
12341
12341
12341
12341
12341
12341
12341
12341
12341
12341
1 1 1 0 2 1 15 10 104 2 0 100
12341
12341
12341
12341
12341
12341
0 1 1 0 3 2 0 0 10 2 0 803
0 1 1 0 2 2 0 0 11 4 0 778
12341
12341
12341
12341
12341
12341
12341
12341
12341
12341
12341
12341
12341
12341
12341
12341
12341
12341
12341
12341
1 1 1 2 1 1 14 8 40 3 0 76
1 1 1 2 1 1 14 8 39 3 0 76
1 1 1 0 2 1 15 10 110 3 0 88
1 1 1 0 3 1 15 10 1 9 0 127
1 1 1 0 4 1 14 9 8 9 1 114
12341
12341
12341
12341
12341
12341
0 1 1 0 5 2 0 0 14 0 0 1120
0 1 1 0 5 2 0 0 13 2 0 1110
0 1 1 0 5 2 0 0 11 4 0 1129
12341
12341
12341
12341
12341
12341
12341
12341
12341
12341
12341
12341
12341
12341
12341
12341
12341
12341
12341
12341
1 1 1 2 5 1 14 8 40 1 0 76
1 1 1 2 5 1 14 8 39 1 0 76
1 1 1 0 5 1 15 10 110 4 0 88
1 1 1 0 5 1 15 10 1 7 0 127
1 1 1 0 5 1 14 9 8 9 1 114
12341
12341
12341
12341
12341
12341
0 1 1 0 6 2 0 0 14 0 0 220
0 1 1 0 6 2 0 0 13 2 0 210
0 1 1 0 6 2 0 0 11 4 0 229
12341
12341
12341
12341
12341
12341
12341
12341
12341
12341
12341
12341
12341
12341
12341
12341
12341
12341
12341
12341
1 1 1 2 1 1 15 10 59 5 0 44
1 1 1 0 2 1 15 10 30 8 0 44
1 1 1 0 3 1 15 10 39 8 0 114
1 1 1 0 4 1 14 9 51 8 1 114
12341
12341
12341
12341
12341
12341
0 1 1 0 4 2 0 0 19 1 0 972
0 1 1 0 4 2 0 0 23 3 0 932
0 1 1 0 4 2 0 0 21 5 0 972
12341
12341
12341
12341
12341
12341
12341
12341
12341
