12345
12345
12345
12345
12345
3 1 2 1 1 1 15 10 6 2 0 188
3 1 2 1 1 1 14 8 4 2 0 218
3 1 2 0 2 1 15 10 28 1 0 133
3 1 2 0 2 1 14 9 20 1 1 148
3 1 2 0 3 1 15 10 28 1 0 24
3 1 2 0 3 1 15 10 19 1 0 11
3 1 2 0 4 1 15 10 28 1 0 12
3 1 2 0 4 1 15 10 18 1 0 24
12345
12345
12345
12345
12345
12345
12345
12345
12345
12345
12345
12345
12345
12345
12345
12345
12345
12345
12345
12345
12345
12345
12345
12345
12345
12345
12345
12345
12345
12345
12345
12345
12345
12345
12345
12345
12345
12345
12345
12345
12345
12345
12345
12345
12345
